# q                 I(q)             
  1.00000e-03       9.99581e-01      
  2.25063e-03       9.97880e-01      
  3.50125e-03       9.94878e-01      
  4.75188e-03       9.90587e-01      
  6.00251e-03       9.85024e-01      
  7.25313e-03       9.78214e-01      
  8.50376e-03       9.70182e-01      
  9.75439e-03       9.60963e-01      
  1.10050e-02       9.50594e-01      
  1.22556e-02       9.39116e-01      
  1.35063e-02       9.26575e-01      
  1.47569e-02       9.13020e-01      
  1.60075e-02       8.98506e-01      
  1.72581e-02       8.83088e-01      
  1.85088e-02       8.66824e-01      
  1.97594e-02       8.49778e-01      
  2.10100e-02       8.32012e-01      
  2.22607e-02       8.13591e-01      
  2.35113e-02       7.94582e-01      
  2.47619e-02       7.75052e-01      
  2.60125e-02       7.55068e-01      
  2.72632e-02       7.34700e-01      
  2.85138e-02       7.14014e-01      
  2.97644e-02       6.93078e-01      
  3.10150e-02       6.71957e-01      
  3.22657e-02       6.50715e-01      
  3.35163e-02       6.29416e-01      
  3.47669e-02       6.08121e-01      
  3.60175e-02       5.86888e-01      
  3.72682e-02       5.65772e-01      
  3.85188e-02       5.44828e-01      
  3.97694e-02       5.24106e-01      
  4.10201e-02       5.03653e-01      
  4.22707e-02       4.83512e-01      
  4.35213e-02       4.63724e-01      
  4.47719e-02       4.44326e-01      
  4.60226e-02       4.25351e-01      
  4.72732e-02       4.06829e-01      
  4.85238e-02       3.88785e-01      
  4.97744e-02       3.71243e-01      
  5.10251e-02       3.54221e-01      
  5.22757e-02       3.37734e-01      
  5.35263e-02       3.21794e-01      
  5.47769e-02       3.06410e-01      
  5.60276e-02       2.91588e-01      
  5.72782e-02       2.77328e-01      
  5.85288e-02       2.63632e-01      
  5.97794e-02       2.50496e-01      
  6.10301e-02       2.37914e-01      
  6.22807e-02       2.25878e-01      
  6.35313e-02       2.14378e-01      
  6.47820e-02       2.03403e-01      
  6.60326e-02       1.92939e-01      
  6.72832e-02       1.82971e-01      
  6.85338e-02       1.73483e-01      
  6.97845e-02       1.64457e-01      
  7.10351e-02       1.55876e-01      
  7.22857e-02       1.47721e-01      
  7.35363e-02       1.39973e-01      
  7.47870e-02       1.32613e-01      
  7.60376e-02       1.25622e-01      
  7.72882e-02       1.18980e-01      
  7.85388e-02       1.12669e-01      
  7.97895e-02       1.06671e-01      
  8.10401e-02       1.00967e-01      
  8.22907e-02       9.55397e-02      
  8.35414e-02       9.03733e-02      
  8.47920e-02       8.54518e-02      
  8.60426e-02       8.07601e-02      
  8.72932e-02       7.62843e-02      
  8.85439e-02       7.20114e-02      
  8.97945e-02       6.79291e-02      
  9.10451e-02       6.40265e-02      
  9.22957e-02       6.02933e-02      
  9.35464e-02       5.67203e-02      
  9.47970e-02       5.32992e-02      
  9.60476e-02       5.00225e-02      
  9.72982e-02       4.68837e-02      
  9.85489e-02       4.38771e-02      
  9.97995e-02       4.09974e-02      
  1.01050e-01       3.82405e-02      
  1.02301e-01       3.56024e-02      
  1.03551e-01       3.30800e-02      
  1.04802e-01       3.06706e-02      
  1.06053e-01       2.83717e-02      
  1.07303e-01       2.61813e-02      
  1.08554e-01       2.40977e-02      
  1.09805e-01       2.21194e-02      
  1.11055e-01       2.02449e-02      
  1.12306e-01       1.84728e-02      
  1.13556e-01       1.68019e-02      
  1.14807e-01       1.52309e-02      
  1.16058e-01       1.37583e-02      
  1.17308e-01       1.23826e-02      
  1.18559e-01       1.11022e-02      
  1.19810e-01       9.91528e-03      
  1.21060e-01       8.81981e-03      
  1.22311e-01       7.81359e-03      
  1.23561e-01       6.89421e-03      
  1.24812e-01       6.05903e-03      
  1.26063e-01       5.30519e-03      
  1.27313e-01       4.62964e-03      
  1.28564e-01       4.02910e-03      
  1.29815e-01       3.50014e-03      
  1.31065e-01       3.03913e-03      
  1.32316e-01       2.64231e-03      
  1.33566e-01       2.30580e-03      
  1.34817e-01       2.02562e-03      
  1.36068e-01       1.79771e-03      
  1.37318e-01       1.61799e-03      
  1.38569e-01       1.48236e-03      
  1.39820e-01       1.38673e-03      
  1.41070e-01       1.32708e-03      
  1.42321e-01       1.29943e-03      
  1.43571e-01       1.29993e-03      
  1.44822e-01       1.32484e-03      
  1.46073e-01       1.37057e-03      
  1.47323e-01       1.43372e-03      
  1.48574e-01       1.51106e-03      
  1.49825e-01       1.59955e-03      
  1.51075e-01       1.69638e-03      
  1.52326e-01       1.79898e-03      
  1.53576e-01       1.90500e-03      
  1.54827e-01       2.01231e-03      
  1.56078e-01       2.11904e-03      
  1.57328e-01       2.22355e-03      
  1.58579e-01       2.32444e-03      
  1.59830e-01       2.42053e-03      
  1.61080e-01       2.51084e-03      
  1.62331e-01       2.59463e-03      
  1.63581e-01       2.67133e-03      
  1.64832e-01       2.74057e-03      
  1.66083e-01       2.80211e-03      
  1.67333e-01       2.85590e-03      
  1.68584e-01       2.90199e-03      
  1.69835e-01       2.94057e-03      
  1.71085e-01       2.97190e-03      
  1.72336e-01       2.99635e-03      
  1.73586e-01       3.01433e-03      
  1.74837e-01       3.02629e-03      
  1.76088e-01       3.03275e-03      
  1.77338e-01       3.03419e-03      
  1.78589e-01       3.03114e-03      
  1.79840e-01       3.02410e-03      
  1.81090e-01       3.01354e-03      
  1.82341e-01       2.99992e-03      
  1.83591e-01       2.98364e-03      
  1.84842e-01       2.96509e-03      
  1.86093e-01       2.94456e-03      
  1.87343e-01       2.92235e-03      
  1.88594e-01       2.89864e-03      
  1.89845e-01       2.87361e-03      
  1.91095e-01       2.84735e-03      
  1.92346e-01       2.81992e-03      
  1.93596e-01       2.79132e-03      
  1.94847e-01       2.76152e-03      
  1.96098e-01       2.73044e-03      
  1.97348e-01       2.69797e-03      
  1.98599e-01       2.66397e-03      
  1.99850e-01       2.62828e-03      
  2.01100e-01       2.59074e-03      
  2.02351e-01       2.55118e-03      
  2.03602e-01       2.50941e-03      
  2.04852e-01       2.46527e-03      
  2.06103e-01       2.41861e-03      
  2.07353e-01       2.36929e-03      
  2.08604e-01       2.31721e-03      
  2.09855e-01       2.26230e-03      
  2.11105e-01       2.20450e-03      
  2.12356e-01       2.14381e-03      
  2.13607e-01       2.08026e-03      
  2.14857e-01       2.01392e-03      
  2.16108e-01       1.94492e-03      
  2.17358e-01       1.87340e-03      
  2.18609e-01       1.79956e-03      
  2.19860e-01       1.72365e-03      
  2.21110e-01       1.64592e-03      
  2.22361e-01       1.56669e-03      
  2.23612e-01       1.48630e-03      
  2.24862e-01       1.40510e-03      
  2.26113e-01       1.32348e-03      
  2.27363e-01       1.24183e-03      
  2.28614e-01       1.16057e-03      
  2.29865e-01       1.08010e-03      
  2.31115e-01       1.00085e-03      
  2.32366e-01       9.23209e-04      
  2.33617e-01       8.47590e-04      
  2.34867e-01       7.74369e-04      
  2.36118e-01       7.03908e-04      
  2.37368e-01       6.36542e-04      
  2.38619e-01       5.72579e-04      
  2.39870e-01       5.12292e-04      
  2.41120e-01       4.55920e-04      
  2.42371e-01       4.03663e-04      
  2.43622e-01       3.55682e-04      
  2.44872e-01       3.12097e-04      
  2.46123e-01       2.72984e-04      
  2.47373e-01       2.38380e-04      
  2.48624e-01       2.08278e-04      
  2.49875e-01       1.82634e-04      
  2.51125e-01       1.61362e-04      
  2.52376e-01       1.44342e-04      
  2.53627e-01       1.31419e-04      
  2.54877e-01       1.22407e-04      
  2.56128e-01       1.17094e-04      
  2.57378e-01       1.15242e-04      
  2.58629e-01       1.16593e-04      
  2.59880e-01       1.20875e-04      
  2.61130e-01       1.27800e-04      
  2.62381e-01       1.37074e-04      
  2.63632e-01       1.48400e-04      
  2.64882e-01       1.61477e-04      
  2.66133e-01       1.76011e-04      
  2.67383e-01       1.91712e-04      
  2.68634e-01       2.08301e-04      
  2.69885e-01       2.25512e-04      
  2.71135e-01       2.43096e-04      
  2.72386e-01       2.60820e-04      
  2.73637e-01       2.78471e-04      
  2.74887e-01       2.95858e-04      
  2.76138e-01       3.12812e-04      
  2.77388e-01       3.29186e-04      
  2.78639e-01       3.44859e-04      
  2.79890e-01       3.59729e-04      
  2.81140e-01       3.73721e-04      
  2.82391e-01       3.86779e-04      
  2.83642e-01       3.98868e-04      
  2.84892e-01       4.09975e-04      
  2.86143e-01       4.20101e-04      
  2.87393e-01       4.29265e-04      
  2.88644e-01       4.37501e-04      
  2.89895e-01       4.44852e-04      
  2.91145e-01       4.51373e-04      
  2.92396e-01       4.57125e-04      
  2.93647e-01       4.62174e-04      
  2.94897e-01       4.66591e-04      
  2.96148e-01       4.70446e-04      
  2.97398e-01       4.73808e-04      
  2.98649e-01       4.76744e-04      
  2.99900e-01       4.79315e-04      
  3.01150e-01       4.81578e-04      
  3.02401e-01       4.83581e-04      
  3.03652e-01       4.85364e-04      
  3.04902e-01       4.86958e-04      
  3.06153e-01       4.88386e-04      
  3.07404e-01       4.89659e-04      
  3.08654e-01       4.90778e-04      
  3.09905e-01       4.91736e-04      
  3.11155e-01       4.92516e-04      
  3.12406e-01       4.93092e-04      
  3.13657e-01       4.93429e-04      
  3.14907e-01       4.93488e-04      
  3.16158e-01       4.93223e-04      
  3.17409e-01       4.92581e-04      
  3.18659e-01       4.91509e-04      
  3.19910e-01       4.89951e-04      
  3.21160e-01       4.87851e-04      
  3.22411e-01       4.85153e-04      
  3.23662e-01       4.81803e-04      
  3.24912e-01       4.77754e-04      
  3.26163e-01       4.72959e-04      
  3.27414e-01       4.67381e-04      
  3.28664e-01       4.60989e-04      
  3.29915e-01       4.53760e-04      
  3.31165e-01       4.45680e-04      
  3.32416e-01       4.36744e-04      
  3.33667e-01       4.26957e-04      
  3.34917e-01       4.16336e-04      
  3.36168e-01       4.04905e-04      
  3.37419e-01       3.92701e-04      
  3.38669e-01       3.79769e-04      
  3.39920e-01       3.66165e-04      
  3.41170e-01       3.51954e-04      
  3.42421e-01       3.37206e-04      
  3.43672e-01       3.22003e-04      
  3.44922e-01       3.06429e-04      
  3.46173e-01       2.90576e-04      
  3.47424e-01       2.74538e-04      
  3.48674e-01       2.58415e-04      
  3.49925e-01       2.42304e-04      
  3.51175e-01       2.26307e-04      
  3.52426e-01       2.10521e-04      
  3.53677e-01       1.95044e-04      
  3.54927e-01       1.79969e-04      
  3.56178e-01       1.65385e-04      
  3.57429e-01       1.51375e-04      
  3.58679e-01       1.38016e-04      
  3.59930e-01       1.25378e-04      
  3.61180e-01       1.13521e-04      
  3.62431e-01       1.02499e-04      
  3.63682e-01       9.23555e-05      
  3.64932e-01       8.31240e-05      
  3.66183e-01       7.48290e-05      
  3.67434e-01       6.74854e-05      
  3.68684e-01       6.10981e-05      
  3.69935e-01       5.56627e-05      
  3.71185e-01       5.11657e-05      
  3.72436e-01       4.75849e-05      
  3.73687e-01       4.48901e-05      
  3.74937e-01       4.30434e-05      
  3.76188e-01       4.20007e-05      
  3.77439e-01       4.17115e-05      
  3.78689e-01       4.21205e-05      
  3.79940e-01       4.31684e-05      
  3.81190e-01       4.47926e-05      
  3.82441e-01       4.69281e-05      
  3.83692e-01       4.95086e-05      
  3.84942e-01       5.24676e-05      
  3.86193e-01       5.57387e-05      
  3.87444e-01       5.92570e-05      
  3.88694e-01       6.29596e-05      
  3.89945e-01       6.67863e-05      
  3.91195e-01       7.06803e-05      
  3.92446e-01       7.45886e-05      
  3.93697e-01       7.84628e-05      
  3.94947e-01       8.22591e-05      
  3.96198e-01       8.59389e-05      
  3.97449e-01       8.94685e-05      
  3.98699e-01       9.28198e-05      
  3.99950e-01       9.59698e-05      
  4.01201e-01       9.89010e-05      
  4.02451e-01       1.01601e-04      
  4.03702e-01       1.04061e-04      
  4.04952e-01       1.06278e-04      
  4.06203e-01       1.08254e-04      
  4.07454e-01       1.09992e-04      
  4.08704e-01       1.11500e-04      
  4.09955e-01       1.12790e-04      
  4.11206e-01       1.13872e-04      
  4.12456e-01       1.14764e-04      
  4.13707e-01       1.15479e-04      
  4.14957e-01       1.16034e-04      
  4.16208e-01       1.16447e-04      
  4.17459e-01       1.16733e-04      
  4.18709e-01       1.16909e-04      
  4.19960e-01       1.16990e-04      
  4.21211e-01       1.16988e-04      
  4.22461e-01       1.16917e-04      
  4.23712e-01       1.16785e-04      
  4.24962e-01       1.16601e-04      
  4.26213e-01       1.16370e-04      
  4.27464e-01       1.16095e-04      
  4.28714e-01       1.15779e-04      
  4.29965e-01       1.15421e-04      
  4.31216e-01       1.15016e-04      
  4.32466e-01       1.14561e-04      
  4.33717e-01       1.14048e-04      
  4.34967e-01       1.13470e-04      
  4.36218e-01       1.12818e-04      
  4.37469e-01       1.12081e-04      
  4.38719e-01       1.11249e-04      
  4.39970e-01       1.10311e-04      
  4.41221e-01       1.09256e-04      
  4.42471e-01       1.08073e-04      
  4.43722e-01       1.06755e-04      
  4.44972e-01       1.05291e-04      
  4.46223e-01       1.03675e-04      
  4.47474e-01       1.01901e-04      
  4.48724e-01       9.99664e-05      
  4.49975e-01       9.78694e-05      
  4.51226e-01       9.56108e-05      
  4.52476e-01       9.31940e-05      
  4.53727e-01       9.06245e-05      
  4.54977e-01       8.79105e-05      
  4.56228e-01       8.50625e-05      
  4.57479e-01       8.20936e-05      
  4.58729e-01       7.90191e-05      
  4.59980e-01       7.58562e-05      
  4.61231e-01       7.26242e-05      
  4.62481e-01       6.93443e-05      
  4.63732e-01       6.60388e-05      
  4.64982e-01       6.27314e-05      
  4.66233e-01       5.94466e-05      
  4.67484e-01       5.62093e-05      
  4.68734e-01       5.30447e-05      
  4.69985e-01       4.99778e-05      
  4.71236e-01       4.70333e-05      
  4.72486e-01       4.42347e-05      
  4.73737e-01       4.16045e-05      
  4.74987e-01       3.91639e-05      
  4.76238e-01       3.69320e-05      
  4.77489e-01       3.49260e-05      
  4.78739e-01       3.31610e-05      
  4.79990e-01       3.16494e-05      
  4.81241e-01       3.04010e-05      
  4.82491e-01       2.94228e-05      
  4.83742e-01       2.87191e-05      
  4.84992e-01       2.82911e-05      
  4.86243e-01       2.81372e-05      
  4.87494e-01       2.82528e-05      
  4.88744e-01       2.86307e-05      
  4.89995e-01       2.92609e-05      
  4.91246e-01       3.01308e-05      
  4.92496e-01       3.12256e-05      
  4.93747e-01       3.25282e-05      
  4.94997e-01       3.40197e-05      
  4.96248e-01       3.56797e-05      
  4.97499e-01       3.74861e-05      
  4.98749e-01       3.94162e-05      
  5.00000e-01       4.14463e-05      
