# Simulated data
# sigma generated using Sedlak et al, k=100000, c=0.55, https://doi.org/10.1107/S1600576717003077, and rebinned with 10 per bin)
# q            I            sigma       
  1.00000e-03  4.79885e-01  1.45159e-02 
  2.25063e-03  4.63210e-01  9.66775e-03 
  3.50125e-03  4.59891e-01  7.73953e-03 
  4.75188e-03  4.77492e-01  6.62919e-03 
  6.00251e-03  4.63460e-01  5.88181e-03 
  7.25313e-03  4.70194e-01  5.33232e-03 
  8.50376e-03  4.53630e-01  4.90448e-03 
  9.75439e-03  4.48156e-01  4.55761e-03 
  1.10050e-02  4.46513e-01  4.26775e-03 
  1.22556e-02  4.41531e-01  4.01979e-03 
  1.35063e-02  4.30352e-01  3.80366e-03 
  1.47569e-02  4.28122e-01  3.61236e-03 
  1.60075e-02  4.21051e-01  3.44086e-03 
  1.72581e-02  4.15192e-01  3.28546e-03 
  1.85088e-02  4.12018e-01  3.14335e-03 
  1.97594e-02  4.01316e-01  3.01238e-03 
  2.10100e-02  3.97530e-01  2.89085e-03 
  2.22607e-02  3.81060e-01  2.77741e-03 
  2.35113e-02  3.75339e-01  2.67098e-03 
  2.47619e-02  3.67925e-01  2.57070e-03 
  2.60125e-02  3.56400e-01  2.47582e-03 
  2.72632e-02  3.44930e-01  2.38577e-03 
  2.85138e-02  3.37204e-01  2.30003e-03 
  2.97644e-02  3.27810e-01  2.21819e-03 
  3.10150e-02  3.14260e-01  2.13991e-03 
  3.22657e-02  3.08882e-01  2.06487e-03 
  3.35163e-02  2.96395e-01  1.99283e-03 
  3.47669e-02  2.90224e-01  1.92356e-03 
  3.60175e-02  2.75670e-01  1.85688e-03 
  3.72682e-02  2.67173e-01  1.79263e-03 
  3.85188e-02  2.57609e-01  1.73066e-03 
  3.97694e-02  2.46871e-01  1.67085e-03 
  4.10201e-02  2.36313e-01  1.61310e-03 
  4.22707e-02  2.27590e-01  1.55731e-03 
  4.35213e-02  2.19570e-01  1.50340e-03 
  4.47719e-02  2.08876e-01  1.45128e-03 
  4.60226e-02  2.01254e-01  1.40091e-03 
  4.72732e-02  1.91587e-01  1.35222e-03 
  4.85238e-02  1.82704e-01  1.30514e-03 
  4.97744e-02  1.75309e-01  1.25965e-03 
  5.10251e-02  1.68861e-01  1.21568e-03 
  5.22757e-02  1.58763e-01  1.17320e-03 
  5.35263e-02  1.52109e-01  1.13217e-03 
  5.47769e-02  1.45123e-01  1.09255e-03 
  5.60276e-02  1.37810e-01  1.05430e-03 
  5.72782e-02  1.29597e-01  1.01739e-03 
  5.85288e-02  1.25582e-01  9.81787e-04 
  5.97794e-02  1.17643e-01  9.47454e-04 
  6.10301e-02  1.13071e-01  9.14359e-04 
  6.22807e-02  1.05977e-01  8.82467e-04 
  6.35313e-02  1.02344e-01  8.51745e-04 
  6.47820e-02  9.68952e-02  8.22159e-04 
  6.60326e-02  9.13856e-02  7.93674e-04 
  6.72832e-02  8.68193e-02  7.66257e-04 
  6.85338e-02  8.10579e-02  7.39871e-04 
  6.97845e-02  7.71817e-02  7.14480e-04 
  7.10351e-02  7.37089e-02  6.90049e-04 
  7.22857e-02  6.88820e-02  6.66541e-04 
  7.35363e-02  6.59775e-02  6.43919e-04 
  7.47870e-02  6.22494e-02  6.22145e-04 
  7.60376e-02  5.88667e-02  6.01184e-04 
  7.72882e-02  5.57748e-02  5.80997e-04 
  7.85388e-02  5.34749e-02  5.61547e-04 
  7.97895e-02  5.04685e-02  5.42799e-04 
  8.10401e-02  4.78299e-02  5.24716e-04 
  8.22907e-02  4.43436e-02  5.07264e-04 
  8.35414e-02  4.24269e-02  4.90407e-04 
  8.47920e-02  4.03220e-02  4.74112e-04 
  8.60426e-02  3.82266e-02  4.58348e-04 
  8.72932e-02  3.59596e-02  4.43084e-04 
  8.85439e-02  3.38596e-02  4.28291e-04 
  8.97945e-02  3.24804e-02  4.13941e-04 
  9.10451e-02  2.98816e-02  4.00008e-04 
  9.22957e-02  2.89385e-02  3.86469e-04 
  9.35464e-02  2.62574e-02  3.73301e-04 
  9.47970e-02  2.52499e-02  3.60484e-04 
  9.60476e-02  2.37223e-02  3.48001e-04 
  9.72982e-02  2.26668e-02  3.35834e-04 
  9.85489e-02  2.07059e-02  3.23970e-04 
  9.97995e-02  1.92225e-02  3.12397e-04 
  1.01050e-01  1.80303e-02  3.01105e-04 
  1.02301e-01  1.67918e-02  2.90085e-04 
  1.03551e-01  1.56318e-02  2.79331e-04 
  1.04802e-01  1.41444e-02  2.68840e-04 
  1.06053e-01  1.36210e-02  2.58608e-04 
  1.07303e-01  1.22284e-02  2.48634e-04 
  1.08554e-01  1.13205e-02  2.38919e-04 
  1.09805e-01  1.03331e-02  2.29467e-04 
  1.11055e-01  9.21237e-03  2.20280e-04 
  1.12306e-01  8.20810e-03  2.11364e-04 
  1.13556e-01  7.87570e-03  2.02726e-04 
  1.14807e-01  7.01021e-03  1.94373e-04 
  1.16058e-01  6.70235e-03  1.86316e-04 
  1.17308e-01  5.73285e-03  1.78564e-04 
  1.18559e-01  5.30796e-03  1.71127e-04 
  1.19810e-01  4.60239e-03  1.64017e-04 
  1.21060e-01  4.40164e-03  1.57247e-04 
  1.22311e-01  3.70155e-03  1.50828e-04 
  1.23561e-01  3.16983e-03  1.44771e-04 
  1.24812e-01  2.72249e-03  1.39089e-04 
  1.26063e-01  2.72063e-03  1.33792e-04 
  1.27313e-01  2.36624e-03  1.28887e-04 
  1.28564e-01  1.85780e-03  1.24382e-04 
  1.29815e-01  1.63726e-03  1.20281e-04 
  1.31065e-01  1.44008e-03  1.16585e-04 
  1.32316e-01  1.04984e-03  1.13291e-04 
  1.33566e-01  1.08733e-03  1.10392e-04 
  1.34817e-01  1.02357e-03  1.07878e-04 
  1.36068e-01  9.18676e-04  1.05733e-04 
  1.37318e-01  7.49747e-04  1.03939e-04 
  1.38569e-01  5.92696e-04  1.02473e-04 
  1.39820e-01  7.50524e-04  1.01308e-04 
  1.41070e-01  6.09431e-04  1.00418e-04 
  1.42321e-01  6.31887e-04  9.97715e-05 
  1.43571e-01  6.29148e-04  9.93396e-05 
  1.44822e-01  6.76545e-04  9.90919e-05 
  1.46073e-01  5.80369e-04  9.89989e-05 
  1.47323e-01  6.99159e-04  9.90326e-05 
  1.48574e-01  9.74472e-04  9.91667e-05 
  1.49825e-01  7.82474e-04  9.93769e-05 
  1.51075e-01  8.30839e-04  9.96413e-05 
  1.52326e-01  8.36529e-04  9.99405e-05 
  1.53576e-01  8.30511e-04  1.00257e-04 
  1.54827e-01  9.03172e-04  1.00576e-04 
  1.56078e-01  9.83027e-04  1.00886e-04 
  1.57328e-01  1.07428e-03  1.01175e-04 
  1.58579e-01  1.19491e-03  1.01434e-04 
  1.59830e-01  1.11362e-03  1.01659e-04 
  1.61080e-01  1.28117e-03  1.01842e-04 
  1.62331e-01  1.38983e-03  1.01981e-04 
  1.63581e-01  1.32705e-03  1.02073e-04 
  1.64832e-01  1.40078e-03  1.02117e-04 
  1.66083e-01  1.19294e-03  1.02113e-04 
  1.67333e-01  1.24673e-03  1.02061e-04 
  1.68584e-01  1.40870e-03  1.01964e-04 
  1.69835e-01  1.48734e-03  1.01822e-04 
  1.71085e-01  1.51989e-03  1.01638e-04 
  1.72336e-01  1.43963e-03  1.01415e-04 
  1.73586e-01  1.50637e-03  1.01157e-04 
  1.74837e-01  1.52878e-03  1.00865e-04 
  1.76088e-01  1.46357e-03  1.00545e-04 
  1.77338e-01  1.52646e-03  1.00198e-04 
  1.78589e-01  1.37759e-03  9.98286e-05 
  1.79840e-01  1.37449e-03  9.94396e-05 
  1.81090e-01  1.31853e-03  9.90340e-05 
  1.82341e-01  1.46484e-03  9.86144e-05 
  1.83591e-01  1.40990e-03  9.81833e-05 
  1.84842e-01  1.45124e-03  9.77430e-05 
  1.86093e-01  1.34706e-03  9.72953e-05 
  1.87343e-01  1.62618e-03  9.68417e-05 
  1.88594e-01  1.49739e-03  9.63835e-05 
  1.89845e-01  1.32776e-03  9.59215e-05 
  1.91095e-01  1.21362e-03  9.54563e-05 
  1.92346e-01  1.25712e-03  9.49882e-05 
  1.93596e-01  1.42926e-03  9.45172e-05 
  1.94847e-01  1.29333e-03  9.40431e-05 
  1.96098e-01  1.28921e-03  9.35653e-05 
  1.97348e-01  1.20524e-03  9.30832e-05 
  1.98599e-01  1.27239e-03  9.25961e-05 
  1.99850e-01  1.12832e-03  9.21029e-05 
  2.01100e-01  9.71567e-04  9.16027e-05 
  2.02351e-01  1.28027e-03  9.10944e-05 
  2.03602e-01  1.17896e-03  9.05771e-05 
  2.04852e-01  1.22831e-03  9.00497e-05 
  2.06103e-01  1.20935e-03  8.95113e-05 
  2.07353e-01  1.13432e-03  8.89612e-05 
  2.08604e-01  1.04851e-03  8.83986e-05 
  2.09855e-01  1.23660e-03  8.78230e-05 
  2.11105e-01  1.28193e-03  8.72340e-05 
  2.12356e-01  1.15781e-03  8.66316e-05 
  2.13607e-01  9.33576e-04  8.60158e-05 
  2.14857e-01  8.93787e-04  8.53869e-05 
  2.16108e-01  8.62916e-04  8.47455e-05 
  2.17358e-01  8.93406e-04  8.40921e-05 
  2.18609e-01  8.87094e-04  8.34279e-05 
  2.19860e-01  8.15608e-04  8.27541e-05 
  2.21110e-01  8.30807e-04  8.20719e-05 
  2.22361e-01  7.92465e-04  8.13831e-05 
  2.23612e-01  6.00079e-04  8.06895e-05 
  2.24862e-01  6.38253e-04  7.99930e-05 
  2.26113e-01  4.68351e-04  7.92957e-05 
  2.27363e-01  7.95676e-04  7.85998e-05 
  2.28614e-01  4.11667e-04  7.79077e-05 
  2.29865e-01  5.89277e-04  7.72217e-05 
  2.31115e-01  4.80188e-04  7.65443e-05 
  2.32366e-01  4.14589e-04  7.58778e-05 
  2.33617e-01  2.94644e-04  7.52247e-05 
  2.34867e-01  2.83267e-04  7.45873e-05 
  2.36118e-01  2.95258e-04  7.39678e-05 
  2.37368e-01  3.49803e-04  7.33683e-05 
  2.38619e-01  3.69909e-04  7.27908e-05 
  2.39870e-01  2.39875e-04  7.22370e-05 
  2.41120e-01  2.45615e-04  7.17084e-05 
  2.42371e-01  1.96807e-04  7.12065e-05 
  2.43622e-01  1.52198e-04  7.07322e-05 
  2.44872e-01  2.27758e-05  7.02864e-05 
  2.46123e-01  6.64672e-05  6.98695e-05 
  2.47373e-01  2.00602e-04  6.94820e-05 
  2.48624e-01  7.11096e-05  6.91236e-05 
  2.49875e-01  4.65987e-05  6.87942e-05 
  2.51125e-01  1.33550e-04  6.84932e-05 
  2.52376e-01  9.75849e-05  6.82197e-05 
  2.53627e-01  1.26679e-04  6.79728e-05 
  2.54877e-01  8.68594e-05  6.77511e-05 
  2.56128e-01  2.01242e-04  6.75533e-05 
  2.57378e-01  3.32333e-06  6.73778e-05 
  2.58629e-01  -1.92886e-05 6.72229e-05 
  2.59880e-01  3.68282e-05  6.70867e-05 
  2.61130e-01  8.45647e-05  6.69673e-05 
  2.62381e-01  1.10025e-04  6.68630e-05 
  2.63632e-01  9.28424e-05  6.67717e-05 
  2.64882e-01  -4.12280e-05 6.66915e-05 
  2.66133e-01  7.42660e-05  6.66206e-05 
  2.67383e-01  2.32167e-04  6.65572e-05 
  2.68634e-01  1.39757e-04  6.64995e-05 
  2.69885e-01  9.43213e-05  6.64459e-05 
  2.71135e-01  1.99639e-04  6.63950e-05 
  2.72386e-01  7.20633e-05  6.63453e-05 
  2.73637e-01  2.81135e-04  6.62956e-05 
  2.74887e-01  8.20095e-05  6.62448e-05 
  2.76138e-01  9.22396e-05  6.61919e-05 
  2.77388e-01  -1.01459e-05 6.61361e-05 
  2.78639e-01  1.86794e-04  6.60768e-05 
  2.79890e-01  1.38802e-04  6.60135e-05 
  2.81140e-01  1.16298e-04  6.59456e-05 
  2.82391e-01  8.84676e-05  6.58731e-05 
  2.83642e-01  1.83055e-04  6.57956e-05 
  2.84892e-01  2.22562e-04  6.57133e-05 
  2.86143e-01  1.92165e-04  6.56261e-05 
  2.87393e-01  2.21218e-04  6.55341e-05 
  2.88644e-01  1.79177e-04  6.54377e-05 
  2.89895e-01  2.46874e-04  6.53371e-05 
  2.91145e-01  3.21750e-04  6.52327e-05 
  2.92396e-01  1.77321e-04  6.51247e-05 
  2.93647e-01  2.59568e-04  6.50136e-05 
  2.94897e-01  1.32553e-04  6.48998e-05 
  2.96148e-01  2.98485e-04  6.47837e-05 
  2.97398e-01  2.71664e-04  6.46656e-05 
  2.98649e-01  2.14043e-04  6.45461e-05 
  2.99900e-01  3.01449e-04  6.44253e-05 
  3.01150e-01  2.80597e-04  6.43036e-05 
  3.02401e-01  2.53942e-04  6.41813e-05 
  3.03652e-01  2.41436e-04  6.40586e-05 
  3.04902e-01  1.64310e-04  6.39357e-05 
  3.06153e-01  2.39063e-04  6.38126e-05 
  3.07404e-01  2.15468e-04  6.36895e-05 
  3.08654e-01  1.81820e-04  6.35663e-05 
  3.09905e-01  1.83112e-04  6.34431e-05 
  3.11155e-01  2.07189e-04  6.33196e-05 
  3.12406e-01  1.91122e-04  6.31958e-05 
  3.13657e-01  2.90312e-04  6.30714e-05 
  3.14907e-01  3.20064e-04  6.29464e-05 
  3.16158e-01  2.38943e-04  6.28204e-05 
  3.17409e-01  3.72995e-04  6.26931e-05 
  3.18659e-01  2.04554e-04  6.25643e-05 
  3.19910e-01  2.41772e-04  6.24337e-05 
  3.21160e-01  2.02585e-04  6.23010e-05 
  3.22411e-01  1.06988e-04  6.21660e-05 
  3.23662e-01  1.81990e-04  6.20283e-05 
  3.24912e-01  2.05120e-04  6.18877e-05 
  3.26163e-01  2.19384e-04  6.17440e-05 
  3.27414e-01  2.03098e-04  6.15969e-05 
  3.28664e-01  3.38483e-04  6.14465e-05 
  3.29915e-01  2.05832e-04  6.12924e-05 
  3.31165e-01  1.14973e-04  6.11348e-05 
  3.32416e-01  1.91391e-04  6.09735e-05 
  3.33667e-01  2.24113e-04  6.08085e-05 
  3.34917e-01  1.90839e-04  6.06401e-05 
  3.36168e-01  1.08936e-04  6.04683e-05 
  3.37419e-01  1.39625e-04  6.02933e-05 
  3.38669e-01  2.29686e-04  6.01153e-05 
  3.39920e-01  2.10663e-04  5.99346e-05 
  3.41170e-01  2.25148e-04  5.97516e-05 
  3.42421e-01  1.52732e-04  5.95667e-05 
  3.43672e-01  2.44735e-04  5.93802e-05 
  3.44922e-01  1.77845e-04  5.91925e-05 
  3.46173e-01  1.67032e-04  5.90042e-05 
  3.47424e-01  1.55841e-04  5.88157e-05 
  3.48674e-01  1.10358e-04  5.86275e-05 
  3.49925e-01  7.54583e-05  5.84401e-05 
  3.51175e-01  6.37220e-06  5.82540e-05 
  3.52426e-01  8.57329e-05  5.80698e-05 
  3.53677e-01  -2.05688e-05 5.78878e-05 
  3.54927e-01  6.37977e-05  5.77086e-05 
  3.56178e-01  7.32867e-05  5.75327e-05 
  3.57429e-01  2.25341e-05  5.73603e-05 
  3.58679e-01  1.72247e-04  5.71920e-05 
  3.59930e-01  6.31882e-05  5.70281e-05 
  3.61180e-01  -2.38444e-05 5.68688e-05 
  3.62431e-01  4.12400e-06  5.67144e-05 
  3.63682e-01  -1.44049e-05 5.65651e-05 
  3.64932e-01  7.49004e-05  5.64211e-05 
  3.66183e-01  2.80186e-05  5.62825e-05 
  3.67434e-01  5.41757e-05  5.61494e-05 
  3.68684e-01  -2.43839e-05 5.60216e-05 
  3.69935e-01  6.55658e-05  5.58993e-05 
  3.71185e-01  -9.64349e-06 5.57823e-05 
  3.72436e-01  3.43501e-05  5.56705e-05 
  3.73687e-01  6.98532e-05  5.55636e-05 
  3.74937e-01  -3.48345e-05 5.54616e-05 
  3.76188e-01  6.44324e-05  5.53641e-05 
  3.77439e-01  3.34056e-05  5.52708e-05 
  3.78689e-01  -6.62033e-05 5.51815e-05 
  3.79940e-01  7.42399e-05  5.50959e-05 
  3.81190e-01  1.07951e-05  5.50135e-05 
  3.82441e-01  1.54698e-04  5.49342e-05 
  3.83692e-01  4.73333e-05  5.48574e-05 
  3.84942e-01  -1.22586e-05 5.47829e-05 
  3.86193e-01  7.23337e-05  5.47104e-05 
  3.87444e-01  2.00668e-05  5.46395e-05 
  3.88694e-01  1.39626e-06  5.45698e-05 
  3.89945e-01  4.35399e-05  5.45011e-05 
  3.91195e-01  -6.52874e-05 5.44331e-05 
  3.92446e-01  1.22040e-04  5.43655e-05 
  3.93697e-01  2.99339e-05  5.42981e-05 
  3.94947e-01  4.58312e-05  5.42306e-05 
  3.96198e-01  1.12655e-04  5.41629e-05 
  3.97449e-01  8.84594e-05  5.40949e-05 
  3.98699e-01  9.28870e-05  5.40263e-05 
  3.99950e-01  1.04063e-04  5.39570e-05 
  4.01201e-01  1.19459e-04  5.38871e-05 
  4.02451e-01  1.19406e-04  5.38164e-05 
  4.03702e-01  1.15395e-04  5.37448e-05 
  4.04952e-01  -6.85209e-05 5.36725e-05 
  4.06203e-01  5.65622e-05  5.35993e-05 
  4.07454e-01  9.88196e-05  5.35253e-05 
  4.08704e-01  4.77663e-05  5.34506e-05 
  4.09955e-01  7.54376e-05  5.33752e-05 
  4.11206e-01  8.39157e-05  5.32991e-05 
  4.12456e-01  3.54979e-05  5.32225e-05 
  4.13707e-01  3.73121e-05  5.31454e-05 
  4.14957e-01  4.27943e-05  5.30679e-05 
  4.16208e-01  1.16449e-04  5.29901e-05 
  4.17459e-01  1.56797e-04  5.29120e-05 
  4.18709e-01  1.59477e-05  5.28338e-05 
  4.19960e-01  4.11142e-05  5.27554e-05 
  4.21211e-01  3.51132e-05  5.26770e-05 
  4.22461e-01  6.01202e-05  5.25987e-05 
  4.23712e-01  2.96285e-05  5.25204e-05 
  4.24962e-01  2.62198e-06  5.24422e-05 
  4.26213e-01  -3.15711e-05 5.23641e-05 
  4.27464e-01  7.21020e-05  5.22861e-05 
  4.28714e-01  1.01352e-04  5.22083e-05 
  4.29965e-01  -2.88688e-05 5.21307e-05 
  4.31216e-01  -5.65723e-05 5.20531e-05 
  4.32466e-01  2.74615e-05  5.19757e-05 
  4.33717e-01  1.04138e-04  5.18983e-05 
  4.34967e-01  1.59102e-05  5.18210e-05 
  4.36218e-01  2.87510e-05  5.17436e-05 
  4.37469e-01  1.16428e-04  5.16662e-05 
  4.38719e-01  5.26753e-05  5.15886e-05 
  4.39970e-01  6.57617e-05  5.15109e-05 
  4.41221e-01  4.12314e-05  5.14330e-05 
  4.42471e-01  1.08843e-04  5.13548e-05 
  4.43722e-01  2.47313e-05  5.12763e-05 
  4.44972e-01  1.03062e-04  5.11975e-05 
  4.46223e-01  5.33901e-05  5.11182e-05 
  4.47474e-01  3.72395e-05  5.10386e-05 
  4.48724e-01  6.89241e-05  5.09586e-05 
  4.49975e-01  -3.96583e-05 5.08781e-05 
  4.51226e-01  2.84651e-05  5.07972e-05 
  4.52476e-01  3.43376e-05  5.07159e-05 
  4.53727e-01  1.55470e-05  5.06343e-05 
  4.54977e-01  2.09737e-05  5.05523e-05 
  4.56228e-01  1.28160e-04  5.04700e-05 
  4.57479e-01  4.87056e-05  5.03874e-05 
  4.58729e-01  1.92768e-05  5.03047e-05 
  4.59980e-01  6.70349e-06  5.02219e-05 
  4.61231e-01  -1.85517e-05 5.01392e-05 
  4.62481e-01  -3.23670e-05 5.00565e-05 
  4.63732e-01  1.52675e-05  4.99740e-05 
  4.64982e-01  8.70266e-05  4.98918e-05 
  4.66233e-01  1.33985e-04  4.98100e-05 
  4.67484e-01  9.07796e-05  4.97287e-05 
  4.68734e-01  -2.48593e-05 4.96481e-05 
  4.69985e-01  6.52567e-05  4.95682e-05 
  4.71236e-01  6.50691e-05  4.94891e-05 
  4.72486e-01  -5.69674e-06 4.94110e-05 
  4.73737e-01  4.89337e-05  4.93340e-05 
  4.74987e-01  -2.68628e-05 4.92581e-05 
  4.76238e-01  4.68576e-05  4.91833e-05 
  4.77489e-01  -3.11275e-05 4.91099e-05 
  4.78739e-01  -2.84820e-05 4.90379e-05 
  4.79990e-01  3.54034e-06  4.89672e-05 
  4.81241e-01  -1.01115e-05 4.88980e-05 
  4.82491e-01  -1.78681e-05 4.88302e-05 
  4.83742e-01  9.59938e-05  4.87639e-05 
  4.84992e-01  1.38644e-05  4.86991e-05 
  4.86243e-01  -2.49369e-05 4.86357e-05 
  4.87494e-01  7.16070e-05  4.85738e-05 
  4.88744e-01  2.96308e-05  4.85133e-05 
  4.89995e-01  -4.40310e-05 4.84541e-05 
  4.91246e-01  6.52648e-05  4.83963e-05 
  4.92496e-01  5.02426e-05  4.83396e-05 
  4.93747e-01  9.99550e-05  4.82841e-05 
  4.94997e-01  -1.19328e-06 4.82296e-05 
  4.96248e-01  -9.46448e-06 4.81761e-05 
  4.97499e-01  1.22171e-04  4.81234e-05 
  4.98749e-01  4.37687e-05  4.80714e-05 
  5.00000e-01  3.36258e-05  4.80201e-05 
