# r                 p(r)             
  6.02940e-01       1.27654e-03      
  1.80882e+00       8.56436e-03      
  3.01470e+00       2.27044e-02      
  4.22058e+00       4.25079e-02      
  5.42646e+00       6.76359e-02      
  6.63234e+00       9.84692e-02      
  7.83822e+00       1.32846e-01      
  9.04410e+00       1.70658e-01      
  1.02500e+01       2.12715e-01      
  1.14559e+01       2.55863e-01      
  1.26617e+01       3.01567e-01      
  1.38676e+01       3.49450e-01      
  1.50735e+01       3.96695e-01      
  1.62794e+01       4.45666e-01      
  1.74853e+01       4.96251e-01      
  1.86911e+01       5.44564e-01      
  1.98970e+01       5.93816e-01      
  2.11029e+01       6.39125e-01      
  2.23088e+01       6.85910e-01      
  2.35147e+01       7.28753e-01      
  2.47205e+01       7.71832e-01      
  2.59264e+01       8.10340e-01      
  2.71323e+01       8.45617e-01      
  2.83382e+01       8.77351e-01      
  2.95441e+01       9.06432e-01      
  3.07499e+01       9.29985e-01      
  3.19558e+01       9.50457e-01      
  3.31617e+01       9.68164e-01      
  3.43676e+01       9.84263e-01      
  3.55734e+01       9.93887e-01      
  3.67793e+01       9.97194e-01      
  3.79852e+01       1.00000e+00      
  3.91911e+01       9.96109e-01      
  4.03970e+01       9.87865e-01      
  4.16028e+01       9.78167e-01      
  4.28087e+01       9.58265e-01      
  4.40146e+01       9.36198e-01      
  4.52205e+01       9.12831e-01      
  4.64264e+01       8.84131e-01      
  4.76322e+01       8.51849e-01      
  4.88381e+01       8.17067e-01      
  5.00440e+01       7.81984e-01      
  5.12499e+01       7.42907e-01      
  5.24558e+01       7.03822e-01      
  5.36616e+01       6.69667e-01      
  5.48675e+01       6.37552e-01      
  5.60734e+01       6.12369e-01      
  5.72793e+01       5.87539e-01      
  5.84852e+01       5.64694e-01      
  5.96910e+01       5.45969e-01      
  6.08969e+01       5.26567e-01      
  6.21028e+01       5.09193e-01      
  6.33087e+01       4.90999e-01      
  6.45146e+01       4.73462e-01      
  6.57204e+01       4.57208e-01      
  6.69263e+01       4.41208e-01      
  6.81322e+01       4.25166e-01      
  6.93381e+01       4.08762e-01      
  7.05440e+01       3.94032e-01      
  7.17498e+01       3.77348e-01      
  7.29557e+01       3.65666e-01      
  7.41616e+01       3.50842e-01      
  7.53675e+01       3.37604e-01      
  7.65734e+01       3.23356e-01      
  7.77792e+01       3.09404e-01      
  7.89851e+01       2.97274e-01      
  8.01910e+01       2.82934e-01      
  8.13969e+01       2.67758e-01      
  8.26028e+01       2.55050e-01      
  8.38086e+01       2.41353e-01      
  8.50145e+01       2.27483e-01      
  8.62204e+01       2.14758e-01      
  8.74263e+01       2.02173e-01      
  8.86322e+01       1.89419e-01      
  8.98380e+01       1.76396e-01      
  9.10439e+01       1.63903e-01      
  9.22498e+01       1.49313e-01      
  9.34557e+01       1.36828e-01      
  9.46616e+01       1.24654e-01      
  9.58674e+01       1.10972e-01      
  9.70733e+01       9.85921e-02      
  9.82792e+01       8.72393e-02      
  9.94851e+01       7.41468e-02      
  1.00691e+02       6.22839e-02      
  1.01897e+02       4.97355e-02      
  1.03103e+02       3.65175e-02      
  1.04309e+02       2.62489e-02      
  1.05514e+02       1.78808e-02      
  1.06720e+02       1.13934e-02      
  1.07926e+02       7.26427e-03      
  1.09132e+02       4.06114e-03      
  1.10338e+02       1.99460e-03      
  1.11544e+02       8.43618e-04      
  1.12750e+02       2.52431e-04      
  1.13956e+02       4.05460e-05      
  1.15162e+02       2.61587e-06      
  1.16367e+02       0.00000e+00      
  1.17573e+02       0.00000e+00      
  1.18779e+02       0.00000e+00      
  1.19985e+02       0.00000e+00      
